z,freq_0,freq_0_num,freq_1,freq_1_num,freq_2,freq_2_num,freq_3,freq_3_num,freq_4,freq_4_num,freq_5,freq_5_num,freq_6,freq_6_num,freq_7,freq_7_num,freq_8,freq_8_num,freq_9,freq_9_num,freq_10,freq_10_num,freq_11,freq_11_num,freq_12,freq_12_num,freq_13,freq_13_num,freq_14,freq_14_num,freq_15,freq_15_num,freq_16,freq_16_num,freq_17,freq_17_num,freq_18,freq_18_num,freq_19,freq_19_num,freq_20,freq_20_num,freq_21,freq_21_num,freq_22,freq_22_num,freq_23,freq_23_num,freq_24,freq_24_num
0.2,4104.539653678021,3.1301253352433648e+19,5579.641331300505,1.1172738824652362e+19,7434.639406115645,4.869273551547832e+18,9823.659760360983,1.8126374700542812e+18,12592.209266210742,6.797098770101034e+17,13124.343130124695,2.5135289074572864e+17,10474.513053182936,8.604831537014614e+16,8355.772272659317,3.0026794937392536e+16,5290.848381740399,7338416490671195.0,1383.638900858597,443661464585621.6,576.4003121155384,47195473790534.6,3630.102697583589,105704044686272.14,23.732445491911314,88580385822.30595,34.516555202462285,4897227027.857035,0.0,0.0,0.0,0.0,0.0,0.0,0.0,0.0,0.0,0.0,0.0,0.0,0.0,0.0,0.0,0.0,0.0,0.0,0.0,0.0,0.0,0.0
0.6000000000000001,3912.966608706629,9.087876924555303e+19,5301.503230129686,3.479743987694021e+19,7628.417314281815,1.3852236169222167e+19,10657.225489583705,6.154581638960672e+18,13556.474260016126,2.9187150038164204e+18,11913.183294910517,9.587721475785074e+17,7563.868328061267,2.686606812459457e+17,6535.371499391038,9.941546049603347e+16,1804.2447875136459,7880624377992770.0,730.7965778234092,883482778849263.6,2689.5013447906913,964550180023477.9,1744.4137319153795,256421398586282.2,44.353224806574445,218751658714.7105,19.198088486301433,12167855922.668518,0.0,0.0,0.0,0.0,0.0,0.0,0.0,0.0,0.0,0.0,0.0,0.0,0.0,0.0,0.0,0.0,0.0,0.0,0.0,0.0,0.0,0.0
1.0,3703.4867868873275,7.47177833030031e+19,5477.848762553814,4.048378062896856e+19,7654.232883511715,1.408716855627725e+19,11098.659488841236,8.549558106427812e+18,11005.870620084692,3.140561519207688e+18,7570.836854699082,9.652560899255476e+17,5160.474536473698,2.7581464916076813e+17,3111.152344235282,6.570866752694049e+16,1132.0947537370032,4800063623480783.0,705.6488638319294,1231267748324826.0,2951.962601805383,1731839644482102.0,35.20856998486239,3632004526210.393,18.00709675944477,98732878515.02171,0.0,0.0,0.0,0.0,0.0,0.0,0.0,0.0,0.0,0.0,0.0,0.0,0.0,0.0,0.0,0.0,0.0,0.0,0.0,0.0,0.0,0.0,0.0,0.0
1.4000000000000001,3047.8479136183805,5.714470976519902e+19,4652.737246383718,2.874563811463212e+19,6344.485023726469,1.206734226796494e+19,8394.576407194725,6.848474422401915e+18,7664.2711632425935,2.5439507849683697e+18,4215.371877173896,5.980088344224362e+17,3287.8096343426996,2.0122026769724266e+17,1246.9209353906679,2.3832122822726868e+16,556.5336241501317,3290029366964367.0,981.5951211037536,1472145556527517.2,1436.7081735301374,824612746563661.8,30.2619340650009,978220785818.5405,13.92301898879169,56316520891.22871,0.0,0.0,0.0,0.0,0.0,0.0,0.0,0.0,0.0,0.0,0.0,0.0,0.0,0.0,0.0,0.0,0.0,0.0,0.0,0.0,0.0,0.0,0.0,0.0
1.8,2123.636312798309,3.750290480647557e+19,3450.7682764306355,1.5496478469067184e+19,4788.330910388949,8.726433349620042e+18,5064.717090160144,4.102876685437189e+18,3787.067018469457,1.400643473573722e+18,2066.9906797928015,2.926384127064226e+17,1497.4530732822163,9.044268927559835e+16,581.5755245905328,8816866639318977.0,227.84492516988215,1471782489822561.8,932.4963347251161,1425710672879096.5,69.38039081834256,45754825610338.766,17.851447143485224,298758812707.571,0.0,0.0,0.0,0.0,0.0,0.0,0.0,0.0,0.0,0.0,0.0,0.0,0.0,0.0,0.0,0.0,0.0,0.0,0.0,0.0,0.0,0.0,0.0,0.0,0.0,0.0
2.2,1483.0723681344286,2.4624917434282398e+19,2464.904659671057,9.457185996831683e+18,2995.0526893385736,5.405734435049055e+18,2839.1169383582674,2.325369671285067e+18,1609.095079505267,5.6810988043288186e+17,986.7045480437456,1.2969914718603725e+17,540.4316927753054,2.95703826685021e+16,278.08008099231154,4473769810534551.0,130.76417047295385,740595509031833.2,533.3358262113186,771595639089002.5,11.043892838080792,4468351498080.307,7.415462266018316,199788550919.98862,0.0,0.0,0.0,0.0,0.0,0.0,0.0,0.0,0.0,0.0,0.0,0.0,0.0,0.0,0.0,0.0,0.0,0.0,0.0,0.0,0.0,0.0,0.0,0.0,0.0,0.0
2.6,950.1337885285238,1.3623118229058138e+19,1471.069034473983,5.802541127343448e+18,1658.9192202366012,2.9811218478631235e+18,1434.32142894245,1.1657052576032748e+18,693.8157344657793,2.1185924872549232e+17,506.69967826072315,6.420690964461619e+16,195.7531866558942,9374645917731000.0,92.91896467610084,1585505608908032.8,95.65958787670382,509361787994262.5,278.37886051328667,438949023114264.4,6.816678295241097,781351050577.0957,6.755760653285787,211285300294.37482,0.0,0.0,0.0,0.0,0.0,0.0,0.0,0.0,0.0,0.0,0.0,0.0,0.0,0.0,0.0,0.0,0.0,0.0,0.0,0.0,0.0,0.0,0.0,0.0,0.0,0.0
3.0,659.3209328616534,7.879746697209678e+18,858.7836643054595,3.384736938942021e+18,895.3545963493345,1.6453081706712517e+18,671.5719911762199,5.4617675459995174e+17,349.95600865525665,8.991311349892566e+16,228.6805593701602,2.8497723742692116e+16,87.11154370062512,3593989625657605.5,37.22661031764099,684611072629936.6,69.12500961960467,336238288246398.44,82.63779000146654,139747678648386.53,6.108839528555043,774954681283.535,2.8136485865580005,49755422586.64459,0.0,0.0,0.0,0.0,0.0,0.0,0.0,0.0,0.0,0.0,0.0,0.0,0.0,0.0,0.0,0.0,0.0,0.0,0.0,0.0,0.0,0.0,0.0,0.0,0.0,0.0
3.4000000000000004,423.7305045645561,4.601438803452904e+18,540.3073614631747,2.209015290741065e+18,488.6371764276431,8.803701573262682e+17,300.32772016074256,2.1586169604467216e+17,157.4458359206842,3.806925574154074e+16,108.96647480140628,1.2074999964797548e+16,43.274354983035444,1563686107772384.5,14.70324515929734,261582911675753.94,47.694720959536845,203354379365713.22,5.082516796472111,7157536687034.083,2.474121595792224,141498424832.4019,0.0,0.0,0.0,0.0,0.0,0.0,0.0,0.0,0.0,0.0,0.0,0.0,0.0,0.0,0.0,0.0,0.0,0.0,0.0,0.0,0.0,0.0,0.0,0.0,0.0,0.0,0.0,0.0
3.8000000000000003,286.60375940524546,2.960881069056032e+18,322.4838770208481,1.3083288691637025e+18,264.647552638402,4.5746443186452774e+17,137.2117036006329,8.004456649490413e+16,83.06192553555807,1.7211924643620556e+16,49.232517638925664,4862688343332884.0,22.51606066837681,724621127078059.4,6.417352924599776,108621768664920.02,30.74547144538731,116233898910367.27,0.639066707333271,493821547505.8362,2.1997965242140785,138936861595.95575,0.0,0.0,0.0,0.0,0.0,0.0,0.0,0.0,0.0,0.0,0.0,0.0,0.0,0.0,0.0,0.0,0.0,0.0,0.0,0.0,0.0,0.0,0.0,0.0,0.0,0.0,0.0,0.0
4.2,194.60562028509582,2.0285797205540618e+18,197.36709005787057,8.067833275486276e+17,145.37559967730525,2.1925267673869277e+17,69.80124787001904,3.750061565902682e+16,45.16014425084358,8964690596237951.0,17.908721507393672,1490036190894618.2,10.09528865083582,261886204461949.78,2.8793742125713147,39786054206703.23,19.039135456484388,73043698508586.45,0.6801560116364137,325253030742.7162,0.6837708294371077,58241323446.14117,0.0,0.0,0.0,0.0,0.0,0.0,0.0,0.0,0.0,0.0,0.0,0.0,0.0,0.0,0.0,0.0,0.0,0.0,0.0,0.0,0.0,0.0,0.0,0.0,0.0,0.0,0.0,0.0
4.6000000000000005,123.86426457005865,1.2940052730452846e+18,112.40749749389457,4.343574326627629e+17,82.62483942128617,1.1387684665182341e+17,38.66686948216067,1.9599222043640372e+16,28.315420144589844,5415769431572880.0,9.814152729065555,484685492092329.9,3.92975385930635,93178179082399.02,1.4647033819668152,14744990161975.932,10.455937112333789,40877972722224.24,0.5685283049776162,178308543590.1923,0.572480740419862,51377799251.51483,0.0,0.0,0.0,0.0,0.0,0.0,0.0,0.0,0.0,0.0,0.0,0.0,0.0,0.0,0.0,0.0,0.0,0.0,0.0,0.0,0.0,0.0,0.0,0.0,0.0,0.0,0.0,0.0
5.0,76.28410858459583,7.857783817996928e+17,67.83602385844854,2.3824030420165296e+17,45.73687308414269,6.210288098262524e+16,23.273253418488302,1.1225328244660326e+16,15.656417046753967,2971705746960130.5,3.9853246191562444,173747444139666.22,1.52647605372096,33575590669633.84,0.8889670281448275,6177818993818.794,3.422404860526652,12738702783920.096,0.5021781971305926,161907843376.8841,0.25721158396720356,12192658066.934334,0.0,0.0,0.0,0.0,0.0,0.0,0.0,0.0,0.0,0.0,0.0,0.0,0.0,0.0,0.0,0.0,0.0,0.0,0.0,0.0,0.0,0.0,0.0,0.0,0.0,0.0,0.0,0.0
5.4,49.16400007385503,4.63150408529319e+17,40.058720865584924,1.283885156923567e+17,24.63416275407376,3.1541523677814372e+16,13.176036447713464,5895466101740467.0,8.281933119669967,1553141309221158.0,2.4513434868129833,99666680127915.66,0.5486818547733531,11607584180931.645,0.7359329955942822,4239238876861.5083,1.2071066130058115,4260512992833.058,0.4294910173170624,143054481660.6753,0.20858704322484092,10759889269.085827,0.0,0.0,0.0,0.0,0.0,0.0,0.0,0.0,0.0,0.0,0.0,0.0,0.0,0.0,0.0,0.0,0.0,0.0,0.0,0.0,0.0,0.0,0.0,0.0,0.0,0.0,0.0,0.0
5.800000000000001,32.25766770633982,2.7768872356593085e+17,23.750730412536434,6.94723860624765e+16,12.189576182619016,1.4602498041920594e+16,6.318500726212183,2706045459809309.5,4.640726814185628,870224860937358.4,1.3989610429178108,54539168923860.516,0.16845633853262396,3242469441335.8525,0.5163200351046809,3459574269820.2295,0.5664799619435007,1802393536823.049,0.18769878824016512,27847474110.502438,0.16624953103533488,9279666163.831741,0.0,0.0,0.0,0.0,0.0,0.0,0.0,0.0,0.0,0.0,0.0,0.0,0.0,0.0,0.0,0.0,0.0,0.0,0.0,0.0,0.0,0.0,0.0,0.0,0.0,0.0,0.0,0.0
6.2,19.933798174215397,1.5862208614906198e+17,12.511025944832069,3.503533587622423e+16,5.8596709830627285,6352029028427149.0,3.84102066385116,1542494839097099.5,2.762925771650241,483810778837843.0,0.6733899675982887,26637150240126.215,0.0702760928530255,1153367243423.7378,0.2833690897592447,1936728948118.1606,0.09855763390546027,128267203913.30212,0.16752990500695808,26418161618.0424,0.0,0.0,0.0,0.0,0.0,0.0,0.0,0.0,0.0,0.0,0.0,0.0,0.0,0.0,0.0,0.0,0.0,0.0,0.0,0.0,0.0,0.0,0.0,0.0,0.0,0.0,0.0,0.0,0.0,0.0
6.6000000000000005,10.687190876129028,7.85567460567801e+16,5.020720671157613,1.3853280414665394e+16,2.734239649640339,2657468424849484.0,2.6015262930430136,870648323520174.1,1.507188568826031,200846545347995.1,0.4834303271967482,19417784172463.117,0.021114193222909153,123900932853.62161,0.13379692784549957,908619900651.5255,0.023327738213252326,16951926807.472004,0.12305191101356465,16607594575.860971,0.0,0.0,0.0,0.0,0.0,0.0,0.0,0.0,0.0,0.0,0.0,0.0,0.0,0.0,0.0,0.0,0.0,0.0,0.0,0.0,0.0,0.0,0.0,0.0,0.0,0.0,0.0,0.0,0.0,0.0
7.0,4.387784892807076,3.141088194430827e+16,1.456259623332087,3544916421115962.0,1.0539563090790058,899884549343918.5,1.273280831209592,326839511796876.9,0.5758329443671764,46265908423585.9,0.14085988699530502,5844675896104.935,0.02107851180825414,130660222487.20444,0.009952154105770689,24473866545.155365,0.030550677556334248,18980486001.859543,0.021954042296769317,2185061805.4098034,0.0,0.0,0.0,0.0,0.0,0.0,0.0,0.0,0.0,0.0,0.0,0.0,0.0,0.0,0.0,0.0,0.0,0.0,0.0,0.0,0.0,0.0,0.0,0.0,0.0,0.0,0.0,0.0,0.0,0.0
7.4,0.4994847307062881,2529258351843553.5,0.32624951238526023,742972594919562.8,0.22023463693838966,110541963364637.23,0.3837026926995047,58371942693323.08,0.15849613764414533,11894107699631.645,0.0,0.0,0.0,0.0,0.0,0.0,0.013033449442606327,3072145488.1920385,0.0,0.0,0.0,0.0,0.0,0.0,0.0,0.0,0.0,0.0,0.0,0.0,0.0,0.0,0.0,0.0,0.0,0.0,0.0,0.0,0.0,0.0,0.0,0.0,0.0,0.0,0.0,0.0,0.0,0.0,0.0,0.0
7.800000000000001,0.0,0.0,0.0,0.0,0.0,0.0,0.0,0.0,0.0,0.0,0.0,0.0,0.0,0.0,0.0,0.0,0.0,0.0,0.0,0.0,0.0,0.0,0.0,0.0,0.0,0.0,0.0,0.0,0.0,0.0,0.0,0.0,0.0,0.0,0.0,0.0,0.0,0.0,0.0,0.0,0.0,0.0,0.0,0.0,0.0,0.0,0.0,0.0,0.0,0.0
