f,Om
1.122018454301963e-05,1.253842405825145e-15
1.4125375446227555e-05,3.0310648105239e-15
1.7782794100389226e-05,7.237639903125206e-15
2.238721138568338e-05,1.5849640793687218e-14
2.818382931264455e-05,2.859568381617658e-14
3.548133892335753e-05,6.02500443635857e-14
4.466835921509635e-05,1.281202260078622e-13
5.623413251903491e-05,2.265002858931339e-13
7.079457843841373e-05,3.6962151536527974e-13
8.912509381337459e-05,5.58859284607367e-13
0.00011220184543019629,7.906195312664984e-13
0.00014125375446227554,1.0594704895624953e-12
0.0001778279410038923,1.3716193680063967e-12
0.000223872113856834,1.7313590710526655e-12
0.00028183829312644545,2.1468125863393688e-12
0.0003548133892335753,2.6219830853091547e-12
0.0004466835921509635,3.155042104006848e-12
0.000562341325190349,3.746003489821612e-12
0.0007079457843841381,4.4229859149213366e-12
0.0008912509381337458,5.2247806807655025e-12
0.0011220184543019641,6.186859085440244e-12
0.0014125375446227542,7.340117849407659e-12
0.0017782794100389228,8.695094710104512e-12
0.00223872113856834,1.023631172626467e-11
0.0028183829312644552,1.19612790489203e-11
0.0035481338923357567,1.3956602541592478e-11
0.004466835921509635,1.624213476034538e-11
0.005623413251903491,1.858507692641901e-11
0.00707945784384138,2.038448982651154e-11
0.008912509381337459,2.0946355807831635e-11
0.011220184543019643,2.049510696945038e-11
0.014125375446227554,1.9585368292424714e-11
0.01778279410038923,1.857080898078651e-11
0.022387211385683402,1.671095331897922e-11
0.02818382931264455,1.371035320278305e-11
0.035481338923357565,1.0047846310755564e-11
0.04466835921509635,5.446488570820367e-12
0.056234132519034905,1.914495362000709e-12
0.0707945784384138,3.077467432185107e-13
0.08912509381337459,1.641182395116187e-14
0.11220184543019629,4.954474611398216e-16
0.14125375446227556,0.0
0.1778279410038923,0.0
0.22387211385683423,0.0
0.2818382931264455,0.0
0.35481338923357536,0.0
0.4466835921509635,0.0
0.5623413251903491,0.0
0.7079457843841388,0.0
0.8912509381337459,0.0
