f,Om
1.0193734859388737e-05,1.3602597826782913e-18
1.0592537251772897e-05,6.411808719854937e-18
1.1006941712522104e-05,1.1096861424864972e-17
1.1437558630495389e-05,1.6674073985983923e-17
1.1885022274370188e-05,2.924948039519924e-17
1.2349991726875851e-05,6.815556347727996e-17
1.2833151855576512e-05,6.115818387859707e-17
1.3335214321633239e-05,1.7570340580853133e-16
1.3856918628031273e-05,1.8088707859403705e-16
1.4399033208816326e-05,3.805816111593461e-16
1.4962356560944329e-05,5.758447604009604e-16
1.5547718420411728e-05,6.01543609857601e-16
1.6155980984398728e-05,9.989485674049816e-16
1.678804018122559e-05,1.5767369906353435e-15
1.7444826989992523e-05,2.340134973108934e-15
1.8127308811846965e-05,2.793708878092459e-15
1.883649089489802e-05,3.3558764723757338e-15
1.9573417814876617e-05,4.671951166085607e-15
2.0339175013722928e-05,6.816166506471267e-15
2.1134890398366476e-05,7.612678140609817e-15
2.196173600205437e-05,1.0164708044381946e-14
2.282092971067451e-05,1.1870042086678395e-14
2.371373705661655e-05,1.2496214757264183e-14
2.4641473082812813e-05,1.4407367146653782e-14
2.5605504279704755e-05,1.6630627594019562e-14
2.6607250597988085e-05,2.01931876761146e-14
2.7648187540101057e-05,2.5113335895448088e-14
2.8729848333536626e-05,2.956265796273043e-14
2.9853826189179574e-05,3.3719861165356454e-14
3.102177664799498e-05,3.962566968765064e-14
3.223542001952459e-05,4.46428209574762e-14
3.3496543915782794e-05,4.96655246045018e-14
3.480700588428413e-05,5.556209462821961e-14
3.616873614408161e-05,6.28116247233177e-14
3.758374042884443e-05,7.179326172441824e-14
3.905410294116381e-05,8.045952103504833e-14
4.0581989422437986e-05,9.059018862050785e-14
4.216965034285822e-05,1.0229116393151004e-13
4.381942421619437e-05,1.1443267260724371e-13
4.5533741044262486e-05,1.2716606998865877e-13
4.731512589614802e-05,1.408788064944969e-13
4.91662026274564e-05,1.5626227875313244e-13
5.108969774506924e-05,1.7170762643481816e-13
5.308844442309879e-05,1.8897641841430076e-13
5.516538667595586e-05,2.0596735496331866e-13
5.732358369467707e-05,2.245611980982438e-13
5.9566214352901096e-05,2.4545017371825676e-13
6.18965818891261e-05,2.680352458306158e-13
6.43181187721509e-05,2.9197465644692803e-13
6.683439175686149e-05,3.175445249419332e-13
6.944910713781214e-05,3.4298248573714896e-13
7.216611620833882e-05,3.7005657866148755e-13
7.498942093324559e-05,3.9889914667127094e-13
7.79231798434194e-05,4.2881646505258356e-13
8.097171416105617e-05,4.598330074175987e-13
8.413951416451947e-05,4.926587740667373e-13
8.743124580220732e-05,5.26925448146626e-13
9.085175756516862e-05,5.616407735841933e-13
9.440608762859225e-05,5.990777677075738e-13
9.809947127268784e-05,6.342792051512954e-13
0.00010193734859388726,6.719926141909396e-13
0.00010592537251772886,7.122300338396863e-13
0.00011006941712522103,7.530645495794705e-13
0.00011437558630495389,7.959353723348504e-13
0.0001188502227437019,8.385024675896051e-13
0.0001234999172687585,8.814343459566146e-13
0.00012833151855576512,9.243116858860946e-13
0.0001333521432163324,9.714131298249491e-13
0.00013856918628031274,1.0198143342491083e-12
0.00014399033208816327,1.068174365978643e-12
0.00014962356560944327,1.1177935930539236e-12
0.00015547718420411727,1.1695334155075054e-12
0.00016155980984398728,1.221693787198006e-12
0.00016788040181225605,1.273409004835282e-12
0.00017444826989992541,1.3286345968835027e-12
0.00018127308811846987,1.3848219979660724e-12
0.00018836490894898,1.4430547189013247e-12
0.00019573417814876615,1.5000222270617719e-12
0.0002033917501372293,1.5613096259331956e-12
0.00021134890398366476,1.6220926013716332e-12
0.00021961736002054367,1.6855839923515497e-12
0.00022820929710674507,1.7518000829673929e-12
0.00023713737056616554,1.816748526410247e-12
0.00024641473082812813,1.8848605813904457e-12
0.0002560550427970475,1.953693864125065e-12
0.00026607250597988083,2.0249251025371127e-12
0.0002764818754010106,2.0981700686513967e-12
0.00028729848333536626,2.1721175634873516e-12
0.000298538261891796,2.2488763885489675e-12
0.0003102177664799501,2.3271383774286467e-12
0.00032235420019524624,2.4074483089678237e-12
0.00033496543915782756,2.4896086611819963e-12
0.0003480700588428413,2.5721412737094172e-12
0.0003616873614408161,2.6573314680691397e-12
0.0003758374042884443,2.7438722241101913e-12
0.00039054102941163806,2.8305924374088467e-12
0.0004058198942243799,2.9211102958285116e-12
0.00042169650342858224,3.012669255460139e-12
0.00043819424216194364,3.107335457472624e-12
0.0004553374104426248,3.1997335918272033e-12
0.0004731512589614803,3.2933432094844804e-12
0.000491662026274564,3.3899452733845783e-12
0.0005108969774506924,3.4884886200252258e-12
0.0005308844442309878,3.590925646512439e-12
0.000551653866759558,3.6939179271412876e-12
0.0005732358369467713,3.799020227406791e-12
0.0005956621435290103,3.90454899718119e-12
0.000618965818891261,4.014350882436302e-12
0.0006431811877215091,4.126294167840498e-12
0.0006683439175686148,4.242326874577198e-12
0.0006944910713781215,4.361390751406736e-12
0.0007216611620833883,4.483286347180428e-12
0.0007498942093324559,4.608498595465559e-12
0.000779231798434194,4.738410238498178e-12
0.0008097171416105618,4.872856629490558e-12
0.0008413951416451947,5.009202680185601e-12
0.0008743124580220731,5.150027243650195e-12
0.0009085175756516861,5.2951720035522345e-12
0.0009440608762859227,5.446644553507418e-12
0.0009809947127268773,5.6017289156696975e-12
0.0010193734859388728,5.760654202179708e-12
0.0010592537251772885,5.923378794121056e-12
0.0011006941712522092,6.093662583971721e-12
0.0011437558630495376,6.269261517578841e-12
0.0011885022274370188,6.4538458591195124e-12
0.001234999172687585,6.641463108848091e-12
0.0012833151855576512,6.833723514244795e-12
0.0013335214321633238,7.030146835524503e-12
0.0013856918628031274,7.23231358813462e-12
0.0014399033208816327,7.440453936183202e-12
0.0014962356560944327,7.65404885105157e-12
0.0015547718420411726,7.874950992094108e-12
0.0016155980984398745,8.108578015614486e-12
0.0016788040181225606,8.343726843679808e-12
0.001744482698999254,8.579923795783363e-12
0.0018127308811846986,8.819897374959095e-12
0.0018836490894898002,9.062225883240984e-12
0.0019573417814876598,9.31240588534365e-12
0.002033917501372291,9.569550811629738e-12
0.0021134890398366475,9.837316551881844e-12
0.0021961736002054366,1.0108555572765268e-11
0.0022820929710674507,1.038602824841741e-11
0.002371373705661655,1.0664464122275578e-11
0.002464147308281281,1.0944978954284164e-11
0.0025605504279704754,1.123055787022954e-11
0.0026607250597988083,1.1521760694600691e-11
0.002764818754010106,1.1819903424607113e-11
0.002872984833353666,1.2126183674444722e-11
0.0029853826189179603,1.2440588695058648e-11
0.0031021776647995013,1.2762647781854554e-11
0.0032235420019524627,1.3090975894148863e-11
0.0033496543915782755,1.342841954769414e-11
0.0034807005884284095,1.3772178913644639e-11
0.003616873614408157,1.4126148936492067e-11
0.0037583740428844435,1.4483765150858407e-11
0.003905410294116381,1.4853086622981928e-11
0.004058198942243799,1.522657080831221e-11
0.004216965034285822,1.5603358418521692e-11
0.004381942421619436,1.5992258205481738e-11
0.004553374104426248,1.6370882331389206e-11
0.0047315125896148025,1.6765069231216165e-11
0.00491662026274564,1.7166329086956652e-11
0.00510896977450693,1.7538303874888343e-11
0.005308844442309884,1.7918768898284687e-11
0.00551653866759558,1.831877198279447e-11
0.005732358369467713,1.8705897405931482e-11
0.005956621435290103,1.900102712173635e-11
0.006189658188912603,1.9357056087436178e-11
0.006431811877215084,1.971504033224409e-11
0.006683439175686148,2.005512207172004e-11
0.006944910713781214,2.01918162476833e-11
0.007216611620833883,2.0480488869448295e-11
0.007498942093324559,2.070329016330352e-11
0.00779231798434194,2.095555849340254e-11
0.008097171416105617,2.1112596502869937e-11
0.008413951416451947,2.1083269341928926e-11
0.008743124580220732,2.123331493807064e-11
0.009085175756516871,2.125019939289627e-11
0.009440608762859235,2.1192874269341218e-11
0.009809947127268773,2.11348067801525e-11
0.010193734859388726,2.0926604861905302e-11
0.010592537251772886,2.071145225119995e-11
0.011006941712522091,2.059845138526107e-11
0.011437558630495377,2.0551396536589893e-11
0.01188502227437019,2.0466780358807172e-11
0.01234999172687585,2.029220294438407e-11
0.012833151855576512,2.00990682527516e-11
0.013335214321633239,1.991143465475005e-11
0.013856918628031274,1.9371524878343437e-11
0.014399033208816326,1.9201443678054235e-11
0.014962356560944327,1.9064113700232848e-11
0.015547718420411728,1.89787594512707e-11
0.016155980984398747,1.885643838011728e-11
0.016788040181225605,1.871622317582825e-11
0.017444826989992543,1.8529272039522508e-11
0.018127308811846984,1.8283070212258564e-11
0.018836490894898,1.8049588599894955e-11
0.019573417814876596,1.778747724375501e-11
0.02033917501372291,1.7448288066891313e-11
0.021134890398366454,1.7091576488199136e-11
0.021961736002054366,1.6712104844134364e-11
0.02282092971067451,1.633097226983574e-11
0.023713737056616554,1.5844674263073863e-11
0.024641473082812813,1.5246860149719493e-11
0.025605504279704754,1.4672195002620566e-11
0.026607250597988085,1.4200039495887095e-11
0.02764818754010106,1.3659160079849553e-11
0.028729848333536655,1.3264423487717249e-11
0.029853826189179603,1.2626387336718088e-11
0.031021776647995016,1.1769581018246094e-11
0.032235420019524626,1.1059143701620447e-11
0.03349654391578276,1.0391035164543734e-11
0.03480700588428409,9.898373559900018e-12
0.03616873614408157,9.48528518617816e-12
0.037583740428844395,8.994370620941729e-12
0.03905410294116381,8.63614330971705e-12
0.040581989422437986,7.654175733609532e-12
0.042169650342858224,6.189233378477571e-12
0.043819424216194364,5.043729698647343e-12
0.045533741044262485,4.027563760371633e-12
0.04731512589614803,3.5316289807515837e-12
0.049166202627456405,3.2262481519244212e-12
0.051089697745069294,2.835643053372198e-12
0.053088444423098846,2.4091209077969542e-12
0.0551653866759558,1.843814356417945e-12
0.05732358369467713,1.317619277505385e-12
0.059566214352901034,8.973521982036733e-13
0.061896581889126036,6.513691079901565e-13
0.06431811877215085,4.875642378203522e-13
0.06683439175686141,3.8590053124357446e-13
0.06944910713781215,2.1972983509448514e-13
0.07216611620833882,1.8607217308563325e-13
0.07498942093324558,1.619282666516299e-13
0.0779231798434194,4.6743108025205015e-14
0.08097171416105617,1.336351163943576e-14
0.08413951416451947,1.3709818566697532e-14
0.0874312458022073,1.4065099818039743e-14
0.09085175756516872,1.4429587957390722e-14
0.09440608762859236,1.480352157542479e-14
0.09809947127268773,1.518714544574124e-14
0.10193734859388716,0.0
0.10592537251772897,0.0
0.11006941712522103,0.0
0.11437558630495388,0.0
0.11885022274370188,0.0
0.12349991726875852,0.0
0.12833151855576513,0.0
0.1333521432163324,0.0
0.13856918628031273,0.0
0.14399033208816325,0.0
0.1496235656094433,0.0
0.15547718420411727,0.0
0.1615598098439873,0.0
0.16788040181225589,0.0
0.17444826989992523,0.0
0.1812730881184697,0.0
0.1883649089489802,0.0
0.19573417814876615,0.0
0.2033917501372293,0.0
0.21134890398366477,0.0
0.21961736002054366,0.0
0.2282092971067451,0.0
0.23713737056616552,0.0
0.24641473082812815,0.0
0.25605504279704755,0.0
0.2660725059798808,0.0
0.2764818754010106,0.0
0.28729848333536623,0.0
0.2985382618917957,0.0
0.3102177664799498,0.0
0.3223542001952459,0.0
0.33496543915782795,0.0
0.3480700588428413,0.0
0.36168736144081615,0.0
0.3758374042884443,0.0
0.3905410294116381,0.0
0.4058198942243799,0.0
0.4216965034285822,0.0
0.43819424216194364,0.0
0.4553374104426248,0.0
0.47315125896148025,0.0
0.49166202627456407,0.0
0.5108969774506924,0.0
0.5308844442309879,0.0
0.5516538667595575,0.0
0.5732358369467707,0.0
0.5956621435290109,0.0
0.618965818891261,0.0
0.6431811877215091,0.0
0.6683439175686149,0.0
0.6944910713781214,0.0
0.7216611620833884,0.0
0.7498942093324559,0.0
0.779231798434194,0.0
0.8097171416105617,0.0
0.8413951416451947,0.0
0.8743124580220731,0.0
0.9085175756516861,0.0
0.9440608762859226,0.0
0.9809947127268764,0.0
