f,Om
1.122018454301963e-05,5.6627506577162665e-15
1.4125375446227555e-05,5.8727210482848234e-15
1.7782794100389226e-05,6.194074475512279e-15
2.238721138568338e-05,7.9722504719373e-15
2.818382931264455e-05,1.9022641071680734e-14
3.548133892335753e-05,5.079151518069222e-14
4.466835921509635e-05,1.176864627216038e-13
5.623413251903491e-05,2.1932050540676743e-13
7.079457843841373e-05,3.6375655118268267e-13
8.912509381337459e-05,5.552487558034235e-13
0.00011220184543019629,7.870920996691114e-13
0.00014125375446227554,1.055778458879062e-12
0.0001778279410038923,1.365991618591055e-12
0.000223872113856834,1.7243179396870598e-12
0.00028183829312644545,2.1395416790793326e-12
0.0003548133892335753,2.6142303856245005e-12
0.0004466835921509635,3.1454602447917323e-12
0.000562341325190349,3.736527640120592e-12
0.0007079457843841381,4.413618472126921e-12
0.0008912509381337458,5.214348936199956e-12
0.0011220184543019641,6.1747343664872605e-12
0.0014125375446227542,7.328126598308774e-12
0.0017782794100389228,8.676891591923492e-12
0.00223872113856834,1.0208593784017365e-11
0.0028183829312644552,1.1935616047932243e-11
0.0035481338923357567,1.392658812222215e-11
0.004466835921509635,1.620510563475529e-11
0.005623413251903491,1.8542782235264753e-11
0.00707945784384138,2.0337229302322204e-11
0.008912509381337459,2.0946389557941193e-11
0.011220184543019643,2.0519537685471883e-11
0.014125375446227554,1.9649060202526554e-11
0.01778279410038923,1.8539046564940894e-11
0.022387211385683402,1.666416889640951e-11
0.02818382931264455,1.3704638643408811e-11
0.035481338923357565,1.0043096649777408e-11
0.04466835921509635,5.8531272796467075e-12
0.056234132519034905,2.2006065071936156e-12
0.0707945784384138,5.130270856437002e-13
0.08912509381337459,4.796015686886407e-14
0.11220184543019629,2.96958724994315e-15
0.14125375446227556,0.0
0.1778279410038923,0.0
0.22387211385683423,0.0
0.2818382931264455,0.0
0.35481338923357536,0.0
0.4466835921509635,0.0
0.5623413251903491,0.0
0.7079457843841388,0.0
0.8912509381337459,0.0
