f,Om
1.122018454301963e-05,1.253842405825145e-15
1.4125375446227555e-05,3.0310648105239e-15
1.7782794100389226e-05,7.237639903125206e-15
2.238721138568338e-05,1.58594489717731e-14
2.818382931264455e-05,2.8697673734680754e-14
3.548133892335753e-05,6.061605254878559e-14
4.466835921509635e-05,1.2879885907784835e-13
5.623413251903491e-05,2.2741205860169994e-13
7.079457843841373e-05,3.7067561773588665e-13
8.912509381337459e-05,5.602371822333047e-13
0.00011220184543019629,7.921907871633518e-13
0.00014125375446227554,1.0613347536689097e-12
0.0001778279410038923,1.3738985938145256e-12
0.000223872113856834,1.7339503115382144e-12
0.00028183829312644545,2.149549664432466e-12
0.0003548133892335753,2.625216805734875e-12
0.0004466835921509635,3.158748554695798e-12
0.000562341325190349,3.750502095662227e-12
0.0007079457843841381,4.42817179586724e-12
0.0008912509381337458,5.230861835638411e-12
0.0011220184543019641,6.193925891083568e-12
0.0014125375446227542,7.348496341015557e-12
0.0017782794100389228,8.704862629272166e-12
0.00223872113856834,1.0247709295367452e-11
0.0028183829312644552,1.1974564756810332e-11
0.0035481338923357567,1.3972070470316295e-11
0.004466835921509635,1.6259992284341793e-11
0.005623413251903491,1.860520474726389e-11
0.00707945784384138,2.040569977744388e-11
0.008912509381337459,2.0966738154970766e-11
0.011220184543019643,2.0512484101185972e-11
0.014125375446227554,1.960123569413296e-11
0.01778279410038923,1.8585555387079488e-11
0.022387211385683402,1.672469186849441e-11
0.02818382931264455,1.3724924733581294e-11
0.035481338923357565,1.0062970507920822e-11
0.04466835921509635,5.450767094987614e-12
0.056234132519034905,1.918303889391867e-12
0.0707945784384138,3.073420943920584e-13
0.08912509381337459,1.6358736101856237e-14
0.11220184543019629,4.954474611398216e-16
0.14125375446227556,0.0
0.1778279410038923,0.0
0.22387211385683423,0.0
0.2818382931264455,0.0
0.35481338923357536,0.0
0.4466835921509635,0.0
0.5623413251903491,0.0
0.7079457843841388,0.0
0.8912509381337459,0.0
