z,freq_0,freq_0_num,freq_1,freq_1_num,freq_2,freq_2_num,freq_3,freq_3_num,freq_4,freq_4_num,freq_5,freq_5_num,freq_6,freq_6_num,freq_7,freq_7_num,freq_8,freq_8_num,freq_9,freq_9_num,freq_10,freq_10_num,freq_11,freq_11_num,freq_12,freq_12_num,freq_13,freq_13_num,freq_14,freq_14_num,freq_15,freq_15_num,freq_16,freq_16_num,freq_17,freq_17_num,freq_18,freq_18_num,freq_19,freq_19_num,freq_20,freq_20_num,freq_21,freq_21_num,freq_22,freq_22_num,freq_23,freq_23_num,freq_24,freq_24_num
0.2,4104.539621390411,464760461670651.7,5579.641318871696,623981029604319.9,7434.639372958849,778132598383351.5,9823.659735428972,697268565528083.4,12592.20925940015,531063736821953.0,13124.343116578155,240124500647648.6,10474.51304338772,85748277209228.34,8355.77225709342,30008220847404.2,5290.848384521745,7336644888185.519,1383.6389032181678,443661461598.56757,576.4003150851637,47195474085.30558,3630.1027196434998,105704045459.82314,23.73244558217255,88580386.236119,34.51655536799584,4897227.055321815,0.0,0.0,0.0,0.0,0.0,0.0,0.0,0.0,0.0,0.0,0.0,0.0,0.0,0.0,0.0,0.0,0.0,0.0,0.0,0.0,0.0,0.0
0.6000000000000001,3912.966591119381,2991329369105051.5,5301.503220164594,4143241804404097.0,7628.417315454749,4350314858958672.5,10657.225509405254,4033742474537865.5,13556.47430668362,2769696898250442.5,11913.18332728311,950920983347088.2,7563.868327625621,268464352510541.3,6535.371487814873,99296828183389.17,1804.2447869892492,7880624205070.3125,730.7965836206862,883482786140.0557,2689.5013532383136,964550178892.4258,1744.4137456002784,256421400478.4457,44.353224952447576,218751659.8115065,19.198088543330993,12167855.958814174,0.0,0.0,0.0,0.0,0.0,0.0,0.0,0.0,0.0,0.0,0.0,0.0,0.0,0.0,0.0,0.0,0.0,0.0,0.0,0.0,0.0,0.0
1.0,3703.486778474777,5090039717934668.0,5477.848773049475,7711535427706572.0,7654.232902265281,7055573218362896.0,11098.659533027723,7258120357107750.0,11005.870665049364,3052032240478917.5,7570.836872478197,961210175684265.0,5160.474519713283,275398949358523.34,3111.152341922602,65684691851547.85,1132.0947630300643,4800063644735.61,705.6488662335371,1231267736007.0989,2951.962670858378,1731839725581.5151,35.20857019884299,3632004560.6526794,18.00709695020344,98732879.56974986,0.0,0.0,0.0,0.0,0.0,0.0,0.0,0.0,0.0,0.0,0.0,0.0,0.0,0.0,0.0,0.0,0.0,0.0,0.0,0.0,0.0,0.0,0.0,0.0
1.4000000000000001,3047.847910949673,6420435858772786.0,4652.737235873538,7865414571573228.0,6344.485019104143,7623075456176432.0,8394.576372125692,5913355640771885.0,7664.271142691606,2515510739484579.0,4215.371841077496,596538628904695.9,3287.809588946381,201123944915074.53,1246.9209272589542,23832122264658.086,556.533622441599,3290029313175.5645,981.5951104521041,1472145517481.7693,1436.70815459982,824612701237.9441,30.26193434254217,978220796.0372872,13.923019057796811,56316521.17034406,0.0,0.0,0.0,0.0,0.0,0.0,0.0,0.0,0.0,0.0,0.0,0.0,0.0,0.0,0.0,0.0,0.0,0.0,0.0,0.0,0.0,0.0,0.0,0.0
1.8,2123.6362806952234,5594848103531043.0,3450.7682423585093,6763908409740279.0,4788.330831890797,6472943930197399.0,5064.716988309591,3826604105132957.0,3787.0669119834965,1388318059556730.5,2066.990605341139,292018122948200.8,1497.4530114091976,90361944266752.66,581.5755104405574,8815646384376.732,227.8449184442439,1471782429578.7231,932.4963000927902,1425710593943.0425,69.38038772398153,45754821027.101906,17.85144716062551,298758812.81363875,0.0,0.0,0.0,0.0,0.0,0.0,0.0,0.0,0.0,0.0,0.0,0.0,0.0,0.0,0.0,0.0,0.0,0.0,0.0,0.0,0.0,0.0,0.0,0.0,0.0,0.0
2.2,1483.0723086980402,4156905414235174.0,2464.9045821991817,5215277018434017.0,2995.0526064024943,4251932720174120.5,2839.116784740798,2209458691854152.5,1609.0949640198987,562777687232140.44,986.7044737938304,128843488361648.19,540.4316463875039,29457917707763.8,278.0800622638173,4473769405664.016,130.764157691311,740595431318.0431,533.3357889831585,771595572178.1079,11.043892169998738,4468351076.320275,7.415462090032486,199788545.53948957,0.0,0.0,0.0,0.0,0.0,0.0,0.0,0.0,0.0,0.0,0.0,0.0,0.0,0.0,0.0,0.0,0.0,0.0,0.0,0.0,0.0,0.0,0.0,0.0,0.0,0.0
2.6,950.133723005893,2777211235035258.5,1471.069323559822,3400571598706022.5,1658.9195890950175,2485214266823168.0,1434.3212727075354,1102651034170657.4,693.8156517949433,205289847317265.34,506.69961697864596,63865324862204.75,195.75315934081297,9334844060059.748,92.91895284933385,1585505338233.8125,95.65956984472885,509361684839.1913,278.378826571385,438948963100.5372,6.816677972902556,781351005.5826869,6.75576034622409,211285287.2299753,0.0,0.0,0.0,0.0,0.0,0.0,0.0,0.0,0.0,0.0,0.0,0.0,0.0,0.0,0.0,0.0,0.0,0.0,0.0,0.0,0.0,0.0,0.0,0.0,0.0,0.0
3.0,659.3208997416947,1983795784454545.8,858.7835716306387,2065063935381876.5,895.3544772633227,1357111852495554.2,671.5721574110349,492402599011432.44,349.95620450630605,86546020082024.83,228.6806219241166,28278125149384.465,87.11152549775709,3587064666889.6387,37.226602555040756,684610895532.4733,69.12498963899154,336238180442.0222,82.63777490436081,139747650054.7765,6.108839022367322,774954622.7526491,2.813648239142345,49755416.44308678,0.0,0.0,0.0,0.0,0.0,0.0,0.0,0.0,0.0,0.0,0.0,0.0,0.0,0.0,0.0,0.0,0.0,0.0,0.0,0.0,0.0,0.0,0.0,0.0,0.0,0.0
3.4000000000000004,423.7304442287288,1230026140541716.0,540.3072731332387,1260817573832464.2,488.63707472295266,685349195725299.9,300.3276513054597,188160198549848.2,157.4461461735139,36655042206392.24,108.96644946977509,11953033360249.348,43.27434299963601,1563685498917.547,14.703239322271932,261582782243.98337,47.69474896847891,203354504605.3589,5.0825154345529,7157533943.880432,2.474121333276875,141498406.9999013,0.0,0.0,0.0,0.0,0.0,0.0,0.0,0.0,0.0,0.0,0.0,0.0,0.0,0.0,0.0,0.0,0.0,0.0,0.0,0.0,0.0,0.0,0.0,0.0,0.0,0.0,0.0,0.0
3.8000000000000003,286.6037023530829,787555211491020.6,322.4838000765405,708062379782115.2,264.6474751672665,336356958893922.9,137.2116648998868,73863450008826.84,83.06190238414574,16642975750398.41,49.232503443937645,4809917486433.484,22.516052609095695,723246082906.7876,6.4173498269447915,108621706489.86107,30.745457293834228,116233839310.83467,0.6390664496871904,493821196.36576045,2.1997961235133845,138936833.02758074,0.0,0.0,0.0,0.0,0.0,0.0,0.0,0.0,0.0,0.0,0.0,0.0,0.0,0.0,0.0,0.0,0.0,0.0,0.0,0.0,0.0,0.0,0.0,0.0,0.0,0.0,0.0,0.0
4.2,194.60556703332276,482904488803051.44,197.36702512274377,387182937252289.2,145.37554716548217,175951053332146.44,69.80122276036619,35230278303253.375,45.1601545893886,8840934651142.24,17.908714648007393,1467125973146.979,10.095284234086224,258298047728.42206,2.8793723989218005,39786024739.201675,19.039124838736658,73043654682.34256,0.6801557481814521,325252804.78961974,0.6837706770602223,58241305.05663094,0.0,0.0,0.0,0.0,0.0,0.0,0.0,0.0,0.0,0.0,0.0,0.0,0.0,0.0,0.0,0.0,0.0,0.0,0.0,0.0,0.0,0.0,0.0,0.0,0.0,0.0,0.0,0.0
4.6000000000000005,123.86421717175833,275200384010456.0,112.40754919690652,196262738199441.47,82.6248049680056,96106358146312.92,38.66685110953964,18802352964340.54,28.315407980839904,5346463325621.866,9.8141497595945,484685327125.0414,3.9297516944398536,92907846237.76529,1.4647025165697416,14744979789.420635,10.455937838103605,40877977479.480995,0.5685281347067407,178308495.01146787,0.5724805823285334,51377789.4569316,0.0,0.0,0.0,0.0,0.0,0.0,0.0,0.0,0.0,0.0,0.0,0.0,0.0,0.0,0.0,0.0,0.0,0.0,0.0,0.0,0.0,0.0,0.0,0.0,0.0,0.0,0.0,0.0
5.0,76.28407217572617,146224665056124.5,67.83616699986219,102372092767734.58,45.73700953266813,49162357474826.58,23.273239993507108,10528098045853.963,15.656408837019146,2933039927047.18,3.985322536516517,173276381448.33417,1.5264751543702089,33575569027.38289,0.8889665556991547,6177815340.172447,3.422407538304711,12738716394.764437,0.5021779611736166,161907766.05038407,0.2572114465229144,12192651.551632047,0.0,0.0,0.0,0.0,0.0,0.0,0.0,0.0,0.0,0.0,0.0,0.0,0.0,0.0,0.0,0.0,0.0,0.0,0.0,0.0,0.0,0.0,0.0,0.0,0.0,0.0,0.0,0.0
5.4,49.16408791524966,78387629504115.53,40.0586965441423,51356895230418.805,24.634146700899674,21664195835524.1,13.176027826754808,5372521090654.576,8.282140043022306,1529296039125.917,2.451341994337913,99666618025.22797,0.5486815838553474,11607577886.169205,0.7359325328903884,4239235919.764031,1.2071058234930225,4260510031.889372,0.429490773910244,143054397.2510616,0.20858690215042985,10759881.991811944,0.0,0.0,0.0,0.0,0.0,0.0,0.0,0.0,0.0,0.0,0.0,0.0,0.0,0.0,0.0,0.0,0.0,0.0,0.0,0.0,0.0,0.0,0.0,0.0,0.0,0.0,0.0,0.0
5.800000000000001,32.25764510050695,39544953891271.37,23.7508618349209,24247266113000.133,12.189567150990618,9206175641127.207,6.31849621155679,2547728690278.545,4.6407235437737455,839743645028.4458,1.3989600141034488,54539126078.31921,0.16845625604414494,3242467923.0896535,0.5163195857386076,3459571225.017869,0.5664795236868289,1802392152.4529936,0.18769872852712283,27847465.15574409,0.16624939956759052,9279658.825604856,0.0,0.0,0.0,0.0,0.0,0.0,0.0,0.0,0.0,0.0,0.0,0.0,0.0,0.0,0.0,0.0,0.0,0.0,0.0,0.0,0.0,0.0,0.0,0.0,0.0,0.0,0.0,0.0
6.2,19.933791414725924,16568779135020.996,12.511154698950817,8889048313870.035,5.859666009146942,3730080456002.5615,3.841090246067482,1339723805403.136,2.7629238656533293,437903820672.8769,0.6733895257641395,26637132743.427864,0.07027603534812077,1153366216.4777818,0.28336885403530754,1936727393.795145,0.09855756544494403,128267110.98591706,0.16752973370662294,26418133.832455702,0.0,0.0,0.0,0.0,0.0,0.0,0.0,0.0,0.0,0.0,0.0,0.0,0.0,0.0,0.0,0.0,0.0,0.0,0.0,0.0,0.0,0.0,0.0,0.0,0.0,0.0,0.0,0.0,0.0,0.0
6.6000000000000005,10.68780280991959,5581099188793.121,5.021112804588792,2562209137640.3867,2.7343207282276167,1358377708301.3857,2.6015808389868584,670474282901.6554,1.5071872710524283,179494153867.5326,0.483429914630532,18208906123.33132,0.021114166991848742,123900778.92622213,0.13388857072363275,844908786.4676356,0.023327726855498093,16951918.553957805,0.12305180850606628,16607580.073316,0.0,0.0,0.0,0.0,0.0,0.0,0.0,0.0,0.0,0.0,0.0,0.0,0.0,0.0,0.0,0.0,0.0,0.0,0.0,0.0,0.0,0.0,0.0,0.0,0.0,0.0,0.0,0.0,0.0,0.0
7.0,4.387891894804529,1122290634873.337,1.4565615221023085,405786767368.69495,1.0540334584240936,300712590753.8376,1.2733155032800259,237665068250.20145,0.5758323883229292,46265863512.27049,0.14085973279118924,5844669266.626272,0.02107850138178699,130660157.85624143,0.009952142078483089,24473836.9682187,0.03055064722897939,18980468.84783571,0.021954015760701443,2185059.1643040064,0.0,0.0,0.0,0.0,0.0,0.0,0.0,0.0,0.0,0.0,0.0,0.0,0.0,0.0,0.0,0.0,0.0,0.0,0.0,0.0,0.0,0.0,0.0,0.0,0.0,0.0,0.0,0.0,0.0,0.0
7.4,0.49953743099701964,36237442717.376434,0.32624906031743856,20654486703.61884,0.22026978181172369,24316504715.592064,0.38370238174954135,30557336663.403816,0.1584959300197783,7412719325.4622,0.0,0.0,0.0,0.0,0.0,0.0,0.013033428982620453,3072140.665519915,0.0,0.0,0.0,0.0,0.0,0.0,0.0,0.0,0.0,0.0,0.0,0.0,0.0,0.0,0.0,0.0,0.0,0.0,0.0,0.0,0.0,0.0,0.0,0.0,0.0,0.0,0.0,0.0,0.0,0.0,0.0,0.0
7.800000000000001,0.0,0.0,0.0,0.0,0.0,0.0,0.0,0.0,0.0,0.0,0.0,0.0,0.0,0.0,0.0,0.0,0.0,0.0,0.0,0.0,0.0,0.0,0.0,0.0,0.0,0.0,0.0,0.0,0.0,0.0,0.0,0.0,0.0,0.0,0.0,0.0,0.0,0.0,0.0,0.0,0.0,0.0,0.0,0.0,0.0,0.0,0.0,0.0,0.0,0.0
