z,freq_0,freq_0_num,freq_1,freq_1_num,freq_2,freq_2_num,freq_3,freq_3_num,freq_4,freq_4_num,freq_5,freq_5_num,freq_6,freq_6_num,freq_7,freq_7_num,freq_8,freq_8_num,freq_9,freq_9_num,freq_10,freq_10_num,freq_11,freq_11_num,freq_12,freq_12_num,freq_13,freq_13_num,freq_14,freq_14_num,freq_15,freq_15_num,freq_16,freq_16_num,freq_17,freq_17_num,freq_18,freq_18_num,freq_19,freq_19_num,freq_20,freq_20_num,freq_21,freq_21_num,freq_22,freq_22_num,freq_23,freq_23_num,freq_24,freq_24_num
0.2,0.0,0.0,0.0,0.0,0.0,0.0,0.0,0.0,0.0,0.0,0.0,0.0,0.0,0.0,0.0,0.0,0.0,0.0,0.0,0.0,0.0,0.0,0.0,0.0,0.0,0.0,0.0,0.0,2361.1035805191145,8297054732429.283,6119.4941679332,3672010882866.3813,3028.5136355989866,179687757854.62973,4252.175965189448,30117180785.958725,5686.922945059098,6040573430.18322,214.06822889185537,44252605.960491434,0.2744986481082362,14199.352702137534,0.0,0.0,0.0,0.0,0.0,0.0,0.0,0.0
0.6000000000000001,0.0,0.0,0.0,0.0,0.0,0.0,0.0,0.0,0.0,0.0,0.0,0.0,0.0,0.0,0.0,0.0,0.0,0.0,0.0,0.0,0.0,0.0,0.0,0.0,0.0,0.0,174.26960510792605,10611736031401.45,5705.643217273598,84379183756182.81,2646.352910852514,3919821408502.439,3654.158569231643,699262471549.7277,6172.25143329137,133668801950.68323,619.7035364029164,2530676869.4691453,8.728486109281864,5766982.025592556,0.0,0.0,0.0,0.0,0.0,0.0,0.0,0.0,0.0,0.0
1.0,0.0,0.0,0.0,0.0,0.0,0.0,0.0,0.0,0.0,0.0,0.0,0.0,0.0,0.0,0.0,0.0,0.0,0.0,0.0,0.0,0.0,0.0,0.0,0.0,0.0,0.0,2913.859106097546,292341740191347.5,3718.5648065006903,61704013969544.79,3113.743343315982,4957759951812.207,5221.29504269751,826735041054.262,1320.5498885310615,36402509959.008194,36.32087779897299,162507844.86892387,0.0,0.0,0.0,0.0,0.0,0.0,0.0,0.0,0.0,0.0,0.0,0.0
1.4000000000000001,0.0,0.0,0.0,0.0,0.0,0.0,0.0,0.0,0.0,0.0,0.0,0.0,0.0,0.0,0.0,0.0,0.0,0.0,0.0,0.0,0.0,0.0,0.0,0.0,31.08732949387395,10547589172061.057,2955.6478221037078,363167518980753.25,1778.7076793026438,23648848039543.53,2185.6258332724315,3310205359816.44,3280.143471557248,524116434117.03906,181.19589025367625,5032970165.378632,5.16141459453763,22128777.339355018,0.0,0.0,0.0,0.0,0.0,0.0,0.0,0.0,0.0,0.0,0.0,0.0
1.8,0.0,0.0,0.0,0.0,0.0,0.0,0.0,0.0,0.0,0.0,0.0,0.0,0.0,0.0,0.0,0.0,0.0,0.0,0.0,0.0,0.0,0.0,0.0,0.0,577.1736673111357,298847110758693.06,2543.67191092412,237398993267854.47,1156.1961605161223,10654962861681.246,1320.0378361639252,1475590752468.6838,797.8620445474135,141468136915.18268,25.70842469838426,759178065.0113885,0.5526081214059263,3351920.555792749,0.0,0.0,0.0,0.0,0.0,0.0,0.0,0.0,0.0,0.0,0.0,0.0
2.2,0.0,0.0,0.0,0.0,0.0,0.0,0.0,0.0,0.0,0.0,0.0,0.0,0.0,0.0,0.0,0.0,0.0,0.0,0.0,0.0,0.0,0.0,0.0,0.0,788.480028155519,401996482671792.94,1095.6487609960277,93738565886133.66,734.2445398765203,5807551072213.467,1236.299704336157,934157637265.9166,115.54282399938282,15288169043.28382,4.6714262960946,140007542.27193344,0.0,0.0,0.0,0.0,0.0,0.0,0.0,0.0,0.0,0.0,0.0,0.0,0.0,0.0
2.6,0.0,0.0,0.0,0.0,0.0,0.0,0.0,0.0,0.0,0.0,0.0,0.0,0.0,0.0,0.0,0.0,0.0,0.0,0.0,0.0,0.0,0.0,2.5234194827841283,3219158285900.6094,530.568662722864,292873696472897.25,435.3066019171753,31051681864354.617,381.99713478227255,2554810762282.9453,593.2907727844675,414640934895.4437,24.38479080374635,2520225721.6813755,0.12798095544619736,5066627.433706851,0.0,0.0,0.0,0.0,0.0,0.0,0.0,0.0,0.0,0.0,0.0,0.0,0.0,0.0
3.0,0.0,0.0,0.0,0.0,0.0,0.0,0.0,0.0,0.0,0.0,0.0,0.0,0.0,0.0,0.0,0.0,0.0,0.0,0.0,0.0,0.0,0.0,19.86139235170415,33650242557115.36,373.84296212869583,181828751456042.6,177.4905600851347,8854151417377.4,208.16760301065315,1051248288949.7029,184.87664301137875,137543189610.48355,9.02693117948408,891090282.3935407,0.0,0.0,0.0,0.0,0.0,0.0,0.0,0.0,0.0,0.0,0.0,0.0,0.0,0.0,0.0,0.0
3.4000000000000004,0.0,0.0,0.0,0.0,0.0,0.0,0.0,0.0,0.0,0.0,0.0,0.0,0.0,0.0,0.0,0.0,0.0,0.0,0.0,0.0,0.0,0.0,58.636939440966735,109187268667426.83,337.39701216491085,109631633908288.02,105.26656353151822,3433062129850.702,123.10997499288698,470004650879.0152,49.923120663791266,35892240764.2745,2.487958211737383,242115818.80848938,0.0,0.0,0.0,0.0,0.0,0.0,0.0,0.0,0.0,0.0,0.0,0.0,0.0,0.0,0.0,0.0
3.8000000000000003,0.0,0.0,0.0,0.0,0.0,0.0,0.0,0.0,0.0,0.0,0.0,0.0,0.0,0.0,0.0,0.0,0.0,0.0,0.0,0.0,0.0,0.0,66.5527164414854,112528197850441.66,160.43716536015856,49292798620321.5,64.13562726103221,1756548200527.089,100.76981929268814,287617313265.5309,11.083200414206555,6215260414.932097,0.7701849446590373,78904548.70618403,0.0,0.0,0.0,0.0,0.0,0.0,0.0,0.0,0.0,0.0,0.0,0.0,0.0,0.0,0.0,0.0
4.2,0.0,0.0,0.0,0.0,0.0,0.0,0.0,0.0,0.0,0.0,0.0,0.0,0.0,0.0,0.0,0.0,0.0,0.0,0.0,0.0,0.0,0.0,53.76993001896009,90530479717785.52,76.61063607506384,21419165066724.43,39.18216703431106,898588743132.5518,69.70282234088882,168222571119.81,2.7464437421603387,1013775146.9037392,0.20779855841619932,22765593.21549035,0.0,0.0,0.0,0.0,0.0,0.0,0.0,0.0,0.0,0.0,0.0,0.0,0.0,0.0,0.0,0.0
4.6000000000000005,0.0,0.0,0.0,0.0,0.0,0.0,0.0,0.0,0.0,0.0,0.0,0.0,0.0,0.0,0.0,0.0,0.0,0.0,0.0,0.0,0.08103584267042936,287568527403.2601,36.60901895622102,64219681413891.8,36.11555309390587,8953431812909.57,24.683401142080143,469739189392.61273,32.56571012669764,77398693949.31381,1.349611650843456,409372778.3197346,0.0342390653431734,3925150.131573832,0.0,0.0,0.0,0.0,0.0,0.0,0.0,0.0,0.0,0.0,0.0,0.0,0.0,0.0,0.0,0.0
5.0,0.0,0.0,0.0,0.0,0.0,0.0,0.0,0.0,0.0,0.0,0.0,0.0,0.0,0.0,0.0,0.0,0.0,0.0,0.0,0.0,0.4469142121980991,1797542403552.3247,29.875352144792313,46917896474943.94,15.991315172292847,3303394800620.132,16.199898439981656,258273100009.8517,13.20414851149752,32207785822.24659,0.9795748923956524,263665114.36493948,0.0,0.0,0.0,0.0,0.0,0.0,0.0,0.0,0.0,0.0,0.0,0.0,0.0,0.0,0.0,0.0,0.0,0.0
5.4,0.0,0.0,0.0,0.0,0.0,0.0,0.0,0.0,0.0,0.0,0.0,0.0,0.0,0.0,0.0,0.0,0.0,0.0,0.0,0.0,1.3685169408038858,7454224122666.59,22.739999945946874,31592186756459.582,7.391688101784411,1115404108902.7424,10.902668324506804,141867053761.8798,4.882865667632901,11951435881.598257,0.4856723016621746,130847936.24141257,0.0,0.0,0.0,0.0,0.0,0.0,0.0,0.0,0.0,0.0,0.0,0.0,0.0,0.0,0.0,0.0,0.0,0.0
5.800000000000001,0.0,0.0,0.0,0.0,0.0,0.0,0.0,0.0,0.0,0.0,0.0,0.0,0.0,0.0,0.0,0.0,0.0,0.0,0.0,0.0,2.442618245680978,12878402517732.1,27.697695694799577,24489895070581.84,4.58918396121814,424208601855.6423,7.230109731010463,79629243204.22543,1.7875877894844834,4016342137.6566854,0.23774499856848647,63050762.22998376,0.0,0.0,0.0,0.0,0.0,0.0,0.0,0.0,0.0,0.0,0.0,0.0,0.0,0.0,0.0,0.0,0.0,0.0
6.2,0.0,0.0,0.0,0.0,0.0,0.0,0.0,0.0,0.0,0.0,0.0,0.0,0.0,0.0,0.0,0.0,0.0,0.0,0.0,0.0,2.774029250080959,13626737794446.12,16.412933586205682,14078075533138.707,3.5079127134462365,266643173710.66226,5.511240752223307,49726583429.17185,0.6468152271780178,1006309186.3236837,0.11775028881829704,31122090.393668883,0.0,0.0,0.0,0.0,0.0,0.0,0.0,0.0,0.0,0.0,0.0,0.0,0.0,0.0,0.0,0.0,0.0,0.0
6.6000000000000005,0.0,0.0,0.0,0.0,0.0,0.0,0.0,0.0,0.0,0.0,0.0,0.0,0.0,0.0,0.0,0.0,0.0,0.0,0.0,0.0,2.3852905039812127,10459689838673.045,9.480232689084488,7765189063214.597,2.370505709347175,163322939650.0049,3.777920470930267,29132983843.96099,0.2399526160519964,248366461.00345936,0.05761675607214792,15868989.08120214,0.0,0.0,0.0,0.0,0.0,0.0,0.0,0.0,0.0,0.0,0.0,0.0,0.0,0.0,0.0,0.0,0.0,0.0
7.0,0.0,0.0,0.0,0.0,0.0,0.0,0.0,0.0,0.0,0.0,0.0,0.0,0.0,0.0,0.0,0.0,0.0,0.0,0.0,0.0,1.7055689227025135,7066513835005.589,5.47178578843469,4182925090493.053,1.7320504325627415,102616672734.53549,1.7655546280839607,12747681731.838766,0.16857340603079243,141107482.5323981,0.026697783112215337,7600733.375858263,0.0,0.0,0.0,0.0,0.0,0.0,0.0,0.0,0.0,0.0,0.0,0.0,0.0,0.0,0.0,0.0,0.0,0.0
7.4,0.0,0.0,0.0,0.0,0.0,0.0,0.0,0.0,0.0,0.0,0.0,0.0,0.0,0.0,0.0,0.0,0.0,0.0,0.0,0.0,0.6759430412858031,3168689262583.882,2.902851954904371,2138340245534.6829,1.0016712612663592,53720669665.585556,0.6484384226351829,4633286887.369686,0.12895716447088035,95925814.43338461,0.010052778968952406,2848686.998940113,0.0,0.0,0.0,0.0,0.0,0.0,0.0,0.0,0.0,0.0,0.0,0.0,0.0,0.0,0.0,0.0,0.0,0.0
7.800000000000001,0.0,0.0,0.0,0.0,0.0,0.0,0.0,0.0,0.0,0.0,0.0,0.0,0.0,0.0,0.0,0.0,0.0,0.0,0.0,0.0,0.3211101035257563,1367456891099.4878,1.428795040851567,1023570687079.5852,0.48098217628428563,22658001722.80981,0.03678834277651199,217363513.53138056,0.01654131559828054,15540441.923977379,0.003325074383533071,969080.0223388168,0.0,0.0,0.0,0.0,0.0,0.0,0.0,0.0,0.0,0.0,0.0,0.0,0.0,0.0,0.0,0.0,0.0,0.0
