f,Om
1.122018454301963e-05,5.350020324919369e-15
1.4125375446227555e-05,6.252244868773018e-15
1.778279410038923e-05,6.906680564663992e-15
2.238721138568338e-05,4.1469506586921025e-15
2.818382931264455e-05,1.2571220309090289e-14
3.5481338923357534e-05,4.075402237541845e-14
4.466835921509635e-05,1.0812397242574438e-13
5.623413251903491e-05,2.0741889261027641e-13
7.079457843841373e-05,3.552984962892813e-13
8.912509381337459e-05,5.491866204143462e-13
0.0001122018454301963,7.832748434647693e-13
0.00014125375446227554,1.0548583436191714e-12
0.00017782794100389227,1.3677908005118718e-12
0.000223872113856834,1.7284752192553338e-12
0.0002818382931264455,2.144062679136005e-12
0.0003548133892335753,2.6210495970730656e-12
0.0004466835921509635,3.1543264168516493e-12
0.0005623413251903491,3.745688022047446e-12
0.000707945784384138,4.422525801065445e-12
0.0008912509381337459,5.224523285434535e-12
0.0011220184543019641,6.186619247724403e-12
0.001412537544622754,7.340117214686875e-12
0.0017782794100389228,8.694962049782693e-12
0.00223872113856834,1.0235739859313625e-11
0.002818382931264455,1.1956117825593045e-11
0.0035481338923357567,1.3915338028191702e-11
0.004466835921509635,1.6083266945322014e-11
0.005623413251903491,1.8135565403109647e-11
0.00707945784384138,1.963376558806983e-11
0.008912509381337459,1.9801707609048208e-11
0.01122018454301964,1.901225185675733e-11
0.014125375446227554,1.778165513154555e-11
0.01778279410038923,1.6665514246110974e-11
0.0223872113856834,1.4285149127756362e-11
0.02818382931264455,1.1027202871008795e-11
0.035481338923357565,8.091409894007127e-12
0.04466835921509635,3.022749308436241e-12
0.05623413251903491,6.102833470945301e-13
0.0707945784384138,4.3794739525249794e-14
0.08912509381337459,1.4229200988724942e-14
0.1122018454301963,0.0
0.14125375446227553,0.0
0.1778279410038923,0.0
0.22387211385683423,0.0
0.2818382931264455,0.0
0.3548133892335753,0.0
0.4466835921509635,0.0
0.5623413251903491,0.0
0.7079457843841388,0.0
0.8912509381337459,0.0
