f,Om
1.122018454301963e-05,5.625104383409076e-15
1.4125375446227555e-05,5.677285283135779e-15
1.7782794100389226e-05,5.3391936866452176e-15
2.238721138568338e-05,4.465244764039683e-15
2.818382931264455e-05,1.2100937320546575e-14
3.548133892335753e-05,4.136433546683793e-14
4.466835921509635e-05,1.0649027495053778e-13
5.623413251903491e-05,2.0826793193197447e-13
7.079457843841373e-05,3.54103832543022e-13
8.912509381337459e-05,5.470542565922796e-13
0.00011220184543019629,7.805425009667951e-13
0.00014125375446227554,1.0507126892147105e-12
0.0001778279410038923,1.3622524033678157e-12
0.000223872113856834,1.7217276499372565e-12
0.00028183829312644545,2.137831599277299e-12
0.0003548133892335753,2.6131103272129975e-12
0.0004466835921509635,3.1446871107975455e-12
0.000562341325190349,3.736084052213518e-12
0.0007079457843841381,4.413373448672893e-12
0.0008912509381337458,5.214108827758971e-12
0.0011220184543019641,6.174599464206353e-12
0.0014125375446227542,7.327900526425878e-12
0.0017782794100389228,8.676807889645124e-12
0.00223872113856834,1.0207320853607933e-11
0.0028183829312644552,1.1930714815768407e-11
0.0035481338923357567,1.3887556970232649e-11
0.004466835921509635,1.6054438404391888e-11
0.005623413251903491,1.811854416421483e-11
0.00707945784384138,1.955777563545427e-11
0.008912509381337459,1.9771261778250744e-11
0.011220184543019643,1.896214612587408e-11
0.014125375446227554,1.7857466666622333e-11
0.01778279410038923,1.660460271326751e-11
0.022387211385683402,1.4313166506638768e-11
0.02818382931264455,1.1169243326835348e-11
0.035481338923357565,7.473127638571436e-12
0.04466835921509635,3.3993386882774678e-12
0.056234132519034905,1.0498058073360554e-12
0.0707945784384138,1.400853088879879e-13
0.08912509381337459,6.874819392743348e-15
0.11220184543019629,0.0
0.14125375446227556,0.0
0.1778279410038923,0.0
0.22387211385683423,0.0
0.2818382931264455,0.0
0.35481338923357536,0.0
0.4466835921509635,0.0
0.5623413251903491,0.0
0.7079457843841388,0.0
0.8912509381337459,0.0
