f,Om
1.122018454301963e-05,0.0
1.4125375446227555e-05,0.0
1.7782794100389226e-05,0.0
2.238721138568338e-05,1.4761557082546142e-16
2.818382931264455e-05,3.2466462057100536e-15
3.548133892335753e-05,2.3450065185171966e-14
4.466835921509635e-05,8.084991753104342e-14
5.623413251903491e-05,1.6747779438009473e-13
7.079457843841373e-05,3.031929370942728e-13
8.912509381337459e-05,4.887146400556447e-13
0.00011220184543019629,7.200591729033744e-13
0.00014125375446227554,9.916322873082611e-13
0.0001778279410038923,1.3079243393753982e-12
0.000223872113856834,1.6688991799539142e-12
0.00028183829312644545,2.0858472046571788e-12
0.0003548133892335753,2.5687876365396924e-12
0.0004466835921509635,3.1157238268836354e-12
0.000562341325190349,3.720054894748561e-12
0.0007079457843841381,4.399538402967213e-12
0.0008912509381337458,5.195075248185954e-12
0.0011220184543019641,6.141227438410882e-12
0.0014125375446227542,7.28490107194527e-12
0.0017782794100389228,8.643688629029361e-12
0.00223872113856834,1.0200430993644717e-11
0.0028183829312644552,1.1968043026323507e-11
0.0035481338923357567,1.3929787502470978e-11
0.004466835921509635,1.6099751076767973e-11
0.005623413251903491,1.8155371499338597e-11
0.00707945784384138,1.965497553900217e-11
0.008912509381337459,1.982208995618734e-11
0.011220184543019643,1.9029628988492916e-11
0.014125375446227554,1.7797522533253795e-11
0.01778279410038923,1.6680260652403953e-11
0.022387211385683402,1.4298887677271551e-11
0.02818382931264455,1.1041774401807039e-11
0.035481338923357565,8.106534091172386e-12
0.04466835921509635,3.0270278326034872e-12
0.056234132519034905,6.140918744856877e-13
0.0707945784384138,4.3390090698797433e-14
0.08912509381337459,1.4176113139419309e-14
0.11220184543019629,0.0
0.14125375446227556,0.0
0.1778279410038923,0.0
0.22387211385683423,0.0
0.2818382931264455,0.0
0.35481338923357536,0.0
0.4466835921509635,0.0
0.5623413251903491,0.0
0.7079457843841388,0.0
0.8912509381337459,0.0
