f,Om
1.0292005271944286e-05,0.0
1.0901844923851268e-05,0.0
1.1547819846894583e-05,1.8359061452892027e-18
1.2232071190499324e-05,6.2485179311154355e-18
1.2956866975170189e-05,1.4763133729883185e-17
1.3724609610075625e-05,5.4963431223911034e-17
1.4537843856076605e-05,1.2174004213484593e-16
1.539926526059492e-05,2.2155581607731828e-16
1.6311729092278396e-05,4.0746247510440245e-16
1.7278259805078628e-05,9.253303462257486e-16
1.8302061063110567e-05,1.4674866227160459e-15
1.9386526359522056e-05,2.472160585935962e-15
2.053525026457146e-05,4.169510353350261e-15
2.1752040340195246e-05,5.971845031188412e-15
2.3040929760558447e-05,9.760567271055365e-15
2.440619068041981e-05,1.1318573245315442e-14
2.5852348395621884e-05,1.484793407851214e-14
2.738419634264361e-05,2.1108554854661052e-14
2.900681198693156e-05,2.7418889841005242e-14
3.072557365267446e-05,3.459464900375815e-14
3.25461783498046e-05,4.2424820720656516e-14
3.447466065731491e-05,5.068117863893473e-14
3.651741272548377e-05,6.094918810135801e-14
3.868120546330525e-05,7.447930719434416e-14
4.0973210981354134e-05,8.940481216828627e-14
4.3401026364474406e-05,1.0733681024114894e-13
4.597269885308718e-05,1.2577025485122072e-13
4.8696752516586306e-05,1.4746061589879924e-13
5.158221650723061e-05,1.7108596251487415e-13
5.4638654988185394e-05,1.9653033587460094e-13
5.787619883491208e-05,2.2461572112335877e-13
6.130557921498202e-05,2.571179467134536e-13
6.493816315762113e-05,2.9311782705558787e-13
6.878599123088082e-05,3.305799871630226e-13
7.286181745132274e-05,3.7193921107151197e-13
7.717915155850126e-05,4.163391011713914e-13
8.175230379436493e-05,4.627557707962142e-13
8.659643233600654e-05,5.130876115126624e-13
9.172759353897803e-05,5.652863277649105e-13
9.716279515771057e-05,6.205033312260703e-13
0.00010292005271944285,6.766317893153831e-13
0.00010901844923851278,7.381697682846831e-13
0.00011547819846894582,8.015400857579423e-13
0.00012232071190499324,8.658011233063478e-13
0.00012956866975170187,9.308830614697889e-13
0.00013724609610075625,1.0020637382867629e-12
0.0001453784385607662,1.0756799362927292e-12
0.0001539926526059492,1.1515827647281075e-12
0.00016311729092278397,1.2301041323185598e-12
0.0001727825980507863,1.310017381300295e-12
0.00018302061063110568,1.3942110049057077e-12
0.00019386526359522075,1.4817771622267074e-12
0.0002053525026457146,1.5717691021369383e-12
0.00021752040340195243,1.6647025365556956e-12
0.00023040929760558446,1.7632966593187289e-12
0.00024406190680419814,1.8628196629667206e-12
0.0002585234839562191,1.966492415302779e-12
0.00027384196342643616,2.0758802816798514e-12
0.0002900681198693156,2.1862497776066337e-12
0.0003072557365267445,2.3026486250264606e-12
0.000325461783498046,2.4230527663544297e-12
0.00034474660657314945,2.547820192992529e-12
0.0003651741272548377,2.674500820195276e-12
0.00038681205463305247,2.804588592925245e-12
0.00040973210981354134,2.9399420353161124e-12
0.00043401026364474403,3.0787825610560413e-12
0.00045972698853087227,3.2202911776785018e-12
0.00048696752516586315,3.3622428768953903e-12
0.0005158221650723061,3.5108563365057234e-12
0.000546386549881854,3.665849269671234e-12
0.0005787619883491209,3.8233589822318646e-12
0.0006130557921498208,3.9845215059179915e-12
0.0006493816315762113,4.152678846140953e-12
0.0006878599123088081,4.329127717546285e-12
0.0007286181745132274,4.511931401836287e-12
0.0007717915155850127,4.7035987248840295e-12
0.0008175230379436502,4.903979719878504e-12
0.0008659643233600654,5.110970941351761e-12
0.0009172759353897803,5.328973890491212e-12
0.0009716279515771058,5.559665426022817e-12
0.0010292005271944286,5.797412439240303e-12
0.0010901844923851278,6.046408657471449e-12
0.0011547819846894581,6.309253125551352e-12
0.0012232071190499312,6.589792174499964e-12
0.0012956866975170202,6.877306047373041e-12
0.0013724609610075624,7.177237299410499e-12
0.0014537843856076622,7.487898446155365e-12
0.0015399265260594918,7.813315237135596e-12
0.001631172909227838,8.160274379829164e-12
0.0017278259805078645,8.51539156679994e-12
0.0018302061063110568,8.876111732924745e-12
0.0019386526359522077,9.244103715740566e-12
0.002053525026457146,9.630533880706362e-12
0.0021752040340195225,1.0035924916414352e-11
0.0023040929760558466,1.04521618032329e-11
0.002440619068041981,1.0873010514865717e-11
0.002585234839562191,1.1301971931577203e-11
0.0027384196342643613,1.1744043312408464e-11
0.002900681198693156,1.2202858143529258e-11
0.0030725573652674483,1.2680004530486697e-11
0.0032546178349804602,1.3173563142463748e-11
0.0034474660657314946,1.3683354879922004e-11
0.003651741272548377,1.4212954033782807e-11
0.003868120546330525,1.4757759548196375e-11
0.0040973210981354174,1.5310710187643576e-11
0.00434010263644744,1.5889619930176385e-11
0.004597269885308722,1.6458114899339223e-11
0.004869675251658631,1.7056155627513246e-11
0.005158221650723061,1.760857065400432e-11
0.0054638654988185455,1.8201202147573763e-11
0.005787619883491209,1.87215592508779e-11
0.006130557921498208,1.923282254728967e-11
0.006493816315762113,1.976268844726437e-11
0.006878599123088081,2.006222521880448e-11
0.0072861817451322815,2.045935815639351e-11
0.007717915155850128,2.0821065768598534e-11
0.008175230379436502,2.08647321213427e-11
0.008659643233600654,2.109703957306229e-11
0.009172759353897803,2.1090114962850246e-11
0.009716279515771068,2.099916364026848e-11
0.010292005271944285,2.0603229389577752e-11
0.010901844923851278,2.0466250573031852e-11
0.011547819846894581,2.0385064037890156e-11
0.012232071190499325,2.016196763392348e-11
0.012956866975170202,1.989192503510661e-11
0.013724609610075624,1.924719847753123e-11
0.014537843856076621,1.9001447104743575e-11
0.015399265260594921,1.8856953818039645e-11
0.016311729092278397,1.868310378456616e-11
0.017278259805078647,1.841035121543603e-11
0.018302061063110567,1.8016421480626004e-11
0.019386526359522076,1.7673317256911646e-11
0.02053525026457146,1.7184178210529544e-11
0.021752040340195244,1.660484659480624e-11
0.023040929760558472,1.599899332393352e-11
0.024406190680419812,1.5149005837371528e-11
0.02585234839562191,1.4325739271150496e-11
0.02738419634264361,1.3571495622791447e-11
0.02900681198693156,1.296484893877974e-11
0.030725573652674486,1.1694043875132399e-11
0.032546178349804604,1.0640573377276456e-11
0.03447466065731494,9.834845821824344e-12
0.03651741272548377,9.183321159302196e-12
0.038681205463305245,8.580716562399064e-12
0.040973210981354174,6.90345839048694e-12
0.0434010263644744,5.0113590533811105e-12
0.04597269885308723,3.6581140646015694e-12
0.04869675251658631,3.2055420989226567e-12
0.05158221650723061,2.6886234906409553e-12
0.05463865498818545,1.8319807602431904e-12
0.05787619883491209,1.1830766101998588e-12
0.06130557921498209,6.471886225970213e-13
0.06493816315762113,4.2444116615396935e-13
0.06878599123088082,2.1831960953300177e-13
0.07286181745132281,1.872581383228022e-13
0.07717915155850127,4.6443110868551145e-14
0.08175230379436502,1.3448686439830296e-14
0.08659643233600653,1.397483004070287e-14
0.09172759353897804,1.452155759097769e-14
0.09716279515771067,1.5089674382222013e-14
0.10292005271944285,0.0
0.1090184492385129,0.0
0.11547819846894582,0.0
0.12232071190499326,0.0
0.1295686697517019,0.0
0.13724609610075625,0.0
0.14537843856076635,0.0
0.1539926526059492,0.0
0.16311729092278396,0.0
0.17278259805078625,0.0
0.1830206106311057,0.0
0.19386526359522097,0.0
0.2053525026457146,0.0
0.21752040340195244,0.0
0.23040929760558446,0.0
0.24406190680419815,0.0
0.2585234839562194,0.0
0.27384196342643613,0.0
0.2900681198693156,0.0
0.30725573652674454,0.0
0.325461783498046,0.0
0.34474660657314976,0.0
0.3651741272548377,0.0
0.38681205463305246,0.0
0.4097321098135413,0.0
0.434010263644744,0.0
0.45972698853087274,0.0
0.4869675251658631,0.0
0.515822165072306,0.0
0.546386549881854,0.0
0.5787619883491208,0.0
0.6130557921498214,0.0
0.6493816315762113,0.0
0.6878599123088082,0.0
0.728618174513229,0.0
0.7717915155850127,0.0
0.817523037943651,0.0
0.8659643233600653,0.0
0.9172759353897804,0.0
0.9716279515771078,0.0
